#probe_pick_from_board_pose: [0.01581974409099518, -0.20910162982039493, 0.04288628324866296, -0.6956207391833117, 0.7176804072055775, 0.032085655910491645, 0.00413896316646303] # in board frame
probe_action_poses:
  probe_place_pre_holder_pose: [0.6098245978355408, -0.20368972420692444, 0.14284399151802063, 89.37467956542969, 3.2168498039245605, 91.418212890625]
  probe_place_in_holder_pose: [0.6098064184188843, -0.20358853042125702, 0.07164059579372406, 89.37384796142578, 3.21738338470459, 91.42388153076172]
  probe_safe_rotate_pose: [0.5002526044845581, -0.13331423699855804, 0.25230076909065247, -179.99864196777344, 0.00816834345459938, 100.34668731689453]
  probe_holder_perceive_pose: [0.5871686935424805, -0.2024887502193451, 0.21733148396015167, 176.40609741210938, -0.9146183133125305, 89.14100646972656]
  probe_holder_pre_pick_pose: [0.6387938857078552, -0.20326799154281616, 0.21733148396015167, 176.40582275390625, -0.9184422492980957, 89.13981628417969]
  probe_holder_pick_pose: [0.6387938857078552, -0.20326799154281616, 0.13780535757541656, 176.40582275390625, -0.9184422492980957, 89.13981628417969]
  perceive_board_pose: [0.4634, 0.1357, 0.432, -180.0, 0.0, 153.0]
