#probe_pick_from_board_pose: [0.01581974409099518, -0.20910162982039493, 0.04288628324866296, -0.6956207391833117, 0.7176804072055775, 0.032085655910491645, 0.00413896316646303] # in board frame
probe_action_poses:
  probe_place_pre_holder_pose: [0.6076769232749939, -0.20210029184818268, 0.1805046796798706, 89.36500549316406, 3.2255046367645264, 91.41728973388672]
  probe_place_in_holder_pose: [0.6076828241348267, -0.20213325321674347, 0.07530998438596725, 89.35906982421875, 3.227292776107788, 91.41277313232422]
  probe_safe_rotate_pose: [0.5002526044845581, -0.13331423699855804, 0.25230076909065247, -179.99864196777344, 0.00816834345459938, 100.34668731689453]
  probe_holder_perceive_pose: [0.5871686935424805, -0.2024887502193451, 0.21733148396015167, 176.40609741210938, -0.9146183133125305, 89.14100646972656]
  probe_holder_pre_pick_pose: [0.6387938857078552, -0.20326799154281616, 0.21733148396015167, 176.40582275390625, -0.9184422492980957, 89.13981628417969]
  probe_holder_pick_pose: [0.6387938857078552, -0.20326799154281616, 0.13780535757541656, 176.40582275390625, -0.9184422492980957, 89.13981628417969]
  perceive_board_pose: [0.4634, 0.1357, 0.432, -180.0, 0.0, 153.0]
