debug: true
pre_height_above_button: 0.1
linear_vel_z: 0.01 # positive going up, negative going down; NOTE: changing this affects force_z_diff_threshold. Low velocities are more stable
force_z_diff_threshold: 3.0 # if diff between current force and mean force is greater, stop
probe_holder_pose: [0.5991508364677429, -0.01071108877658844, 0.12583768367767334, 90.0, 0.0, 90.0]
magnet_pose: [0.4748101830482483, 0.0050267670303583145, 0.02775835245847702, 0.0, 180.0, 90.0]
probe_holder_pick_pre_pose: [0.5827614068984985, 0.009302420541644096, 0.22012139856815338, 175.94552612304688, 0.0, 90.0]
probe_pick_from_holder_pose: [0.6260608434677124, 0.005179959814995527, 0.15469416975975037, 175.94552612304688, 0.0, 90.0]

# wind cable poses
wind_cable_poses:  
  p1: [0.4080808460712433, 0.4570419192314148, 0.09706296771764755, -0.023204367607831955, 179.9835968017578, 179.98849487304688]
  p2: [0.5126002430915833, 0.4569798707962036, 0.04669814676046371, -0.02542501874268055, 179.9793701171875, 179.98489379882812]
  p3: [0.5126002430915833, 0.3662787675857544, 0.15066373348236084, -0.032074905931949615, 179.99493408203125, 155.8790740966797]
  p4: [0.5326002430915833, 0.3362787675857544, 0.13066373348236084, -0.032074905931949615, 179.99493408203125, 155.8790740966797]
  p5: [0.5126002430915833, 0.3662787675857544, 0.15066373348236084, -0.032074905931949615, 179.99493408203125, 155.8790740966797]
  p6: [0.4265899360179901, 0.3663334250450134, 0.14954516291618347, 179.52943420410156, 0.016375916078686714, 91.30083465576172]
  p7: [0.2925947606563568, 0.43355226516723633, 0.16911965608596802, 179.52943420410156, 0.016375916078686714, 91.30083465576172]
  p8: [0.1675393283367157, 0.3696924149990082, 0.14961592853069305, 179.56277465820312, 0.016849474981427193, 91.31707000732422]
  p9: [0.1649484932422638, 0.43355226516723633, 0.06933672726154327, 179.56451416015625, 0.02664562128484249, 91.31951904296875]
  p10: [0.3518833518028259, 0.48727941513061523, 0.06926215440034866, -178.9117889404297, -0.08937325328588486, 1.6163630485534668]

wind_cable_poses2:  
  p1: [0.4080808460712433, 0.4570419192314148, 0.09706296771764755, -0.023204367607831955, 179.9835968017578, 179.98849487304688]
  p2: [0.5126002430915833, 0.4569798707962036, 0.04669814676046371, -0.02542501874268055, 179.9793701171875, 179.98489379882812]
  p3: [0.5126002430915833, 0.3662787675857544, 0.15066373348236084, -0.032074905931949615, 179.99493408203125, 155.8790740966797]
  p4: [0.5276002430915833, 0.3512787675857544, 0.13566373348236084, -0.032074905931949615, 179.99493408203125, 155.8790740966797]
  p5: [0.5126002430915833, 0.3662787675857544, 0.15066373348236084, -0.032074905931949615, 179.99493408203125, 155.8790740966797]
  p6: [0.4265899360179901, 0.3663334250450134, 0.14954516291618347, 179.52943420410156, 0.016375916078686714, 91.30083465576172]
  p7: [0.2925947606563568, 0.3972087800502777, 0.16911965608596802, 179.52943420410156, 0.016375916078686714, 91.30083465576172]
  p8: [0.1675393283367157, 0.3696924149990082, 0.14961592853069305, 179.56277465820312, 0.016849474981427193, 91.31707000732422]
  p9: [0.1649484932422638, 0.43355226516723633, 0.06933672726154327, 179.56451416015625, 0.02664562128484249, 91.31951904296875]
  p10: [0.3518833518028259, 0.48727941513061523, 0.06926215440034866, -178.9117889404297, -0.08937325328588486, 1.6163630485534668]