trajectories:
  circle:
    x: [0.474001, 0.466859, 0.455289, 0.439566, 0.42039, 0.39872, 0.375215, 0.350538, 0.32586, 0.302356, 0.280686, 0.261509, 0.245786, 0.234217, 0.227074, 0.224633, 0.227074, 0.234217, 0.245786, 0.261509, 0.280686, 0.302356, 0.32586, 0.350538, 0.375215, 0.39872, 0.42039, 0.439566, 0.455289, 0.466859, 0.474001, 0.476443, 0.476443]
    y: [0.310865, 0.286904, 0.264812, 0.245263, 0.229234, 0.217439, 0.210158, 0.207669, 0.210158, 0.217439, 0.229234, 0.245263, 0.264812, 0.286904, 0.310865, 0.336022, 0.361179, 0.385141, 0.407232, 0.426781, 0.44281, 0.454605, 0.461886, 0.464375, 0.461886, 0.454605, 0.44281, 0.426781, 0.407232, 0.385141, 0.361179, 0.336022, 0.336022]
    z: 0.25
  circle1:
    x: [449.322857, 424.503476, 387.404416, 343.57584, 299.747261, 262.648198, 237.828814, 229.12687, 237.828811, 262.648194, 299.747259, 343.57584, 387.404418, 424.503479, 449.32286, 458.0248, 458.0248]
    y: [317.189986, 280.239944, 255.581182, 246.90888, 255.581179, 280.23994, 317.189984, 360.70825, 404.226519, 441.176566, 465.83533, 474.50763, 465.835327, 441.176563, 404.226517, 360.70825, 360.70825]
    z: 0.25
  square:
    x: [300, 400, 500, 500]
    y: [300, 300, 200, 500]
    z: 0.25
    r: [0.0, 0.01, 0.01, 0.0]